Bias and error of each linear estimator on the real acquisition protocols
(simulation; Rician noise; axially symmetric tensors, MD true = 0.7000 um^2/ms; 10000 voxels per cell)
Bias = estimate minus truth; SE = Monte Carlo standard error of the bias;
inadm = % of voxels with FA outside [0, 1] or MD outside (0, 3]. MD in um^2/ms.
Arms: ols = FSL default; measured = FSL --wls / MRtrix3 -iter 0;
      iwls = MRtrix3 default; predicted = DIPY WLS default.
====================================================================================================

stanford: 10 b=0 + 150 directions at b=2000
    SNR    FA  arm         FA bias      SE    RMSE   MD bias      SE    RMSE  inadm%
   10.0  0.25  ols         -0.0002  0.0005  0.0478   -0.0060  0.0002  0.0243    0.00
   10.0  0.25  measured    -0.0462  0.0004  0.0634   -0.1146  0.0002  0.1165    0.00
   10.0  0.25  iwls        +0.0000  0.0005  0.0460   -0.0060  0.0002  0.0243    0.00
   10.0  0.25  predicted   -0.0020  0.0005  0.0458   -0.0063  0.0002  0.0243    0.00
   10.0  0.35  ols         -0.0169  0.0005  0.0503   -0.0087  0.0002  0.0251    0.00
   10.0  0.35  measured    -0.0762  0.0004  0.0881   -0.1175  0.0002  0.1193    0.00
   10.0  0.35  iwls        -0.0135  0.0005  0.0476   -0.0084  0.0002  0.0251    0.00
   10.0  0.35  predicted   -0.0161  0.0005  0.0482   -0.0089  0.0002  0.0252    0.00
   10.0  0.45  ols         -0.0351  0.0004  0.0560   -0.0146  0.0002  0.0279    0.00
   10.0  0.45  measured    -0.0994  0.0004  0.1083   -0.1227  0.0002  0.1245    0.00
   10.0  0.45  iwls        -0.0243  0.0004  0.0485   -0.0132  0.0002  0.0275    0.00
   10.0  0.45  predicted   -0.0277  0.0004  0.0500   -0.0141  0.0002  0.0278    0.00
   10.0  0.55  ols         -0.0535  0.0004  0.0673   -0.0223  0.0002  0.0327    0.00
   10.0  0.55  measured    -0.1143  0.0004  0.1216   -0.1294  0.0002  0.1312    0.00
   10.0  0.55  iwls        -0.0319  0.0004  0.0499   -0.0187  0.0002  0.0308    0.00
   10.0  0.55  predicted   -0.0361  0.0004  0.0525   -0.0200  0.0002  0.0315    0.00
   10.0  0.65  ols         -0.0715  0.0004  0.0805   -0.0331  0.0002  0.0409    0.00
   10.0  0.65  measured    -0.1194  0.0004  0.1255   -0.1383  0.0002  0.1400    0.00
   10.0  0.65  iwls        -0.0347  0.0003  0.0486   -0.0248  0.0003  0.0355    0.00
   10.0  0.65  predicted   -0.0401  0.0003  0.0523   -0.0272  0.0002  0.0368    0.00
   10.0  0.80  ols         -0.0921  0.0003  0.0968   -0.0601  0.0002  0.0645    0.00
   10.0  0.80  measured    -0.1022  0.0003  0.1065   -0.1591  0.0002  0.1606    0.00
   10.0  0.80  iwls        -0.0278  0.0002  0.0367   -0.0355  0.0003  0.0444    0.00
   10.0  0.80  predicted   -0.0357  0.0002  0.0428   -0.0421  0.0003  0.0490    0.00
   20.0  0.25  ols         +0.0035  0.0003  0.0255   -0.0002  0.0001  0.0119    0.00
   20.0  0.25  measured    -0.0215  0.0002  0.0317   -0.0367  0.0001  0.0383    0.00
   20.0  0.25  iwls        +0.0030  0.0002  0.0240   -0.0003  0.0001  0.0118    0.00
   20.0  0.25  predicted   +0.0023  0.0002  0.0238   -0.0003  0.0001  0.0118    0.00
   20.0  0.35  ols         +0.0023  0.0003  0.0260   -0.0002  0.0001  0.0122    0.00
   20.0  0.35  measured    -0.0313  0.0002  0.0387   -0.0387  0.0001  0.0403    0.00
   20.0  0.35  iwls        +0.0018  0.0002  0.0232   -0.0002  0.0001  0.0122    0.00
   20.0  0.35  predicted   +0.0008  0.0002  0.0231   -0.0004  0.0001  0.0121    0.00
   20.0  0.45  ols         -0.0001  0.0003  0.0260   -0.0003  0.0001  0.0127    0.00
   20.0  0.45  measured    -0.0399  0.0002  0.0455   -0.0414  0.0001  0.0430    0.00
   20.0  0.45  iwls        -0.0001  0.0002  0.0216   -0.0003  0.0001  0.0125    0.00
   20.0  0.45  predicted   -0.0014  0.0002  0.0216   -0.0007  0.0001  0.0125    0.00
   20.0  0.55  ols         -0.0030  0.0003  0.0252   -0.0012  0.0001  0.0134    0.00
   20.0  0.55  measured    -0.0442  0.0002  0.0486   -0.0454  0.0001  0.0470    0.00
   20.0  0.55  iwls        -0.0013  0.0002  0.0192   -0.0009  0.0001  0.0130    0.00
   20.0  0.55  predicted   -0.0027  0.0002  0.0193   -0.0014  0.0001  0.0130    0.00
   20.0  0.65  ols         -0.0078  0.0002  0.0248   -0.0034  0.0001  0.0144    0.00
   20.0  0.65  measured    -0.0442  0.0002  0.0477   -0.0504  0.0001  0.0519    0.00
   20.0  0.65  iwls        -0.0025  0.0002  0.0165   -0.0020  0.0001  0.0135    0.00
   20.0  0.65  predicted   -0.0039  0.0002  0.0168   -0.0029  0.0001  0.0135    0.00
   20.0  0.80  ols         -0.0212  0.0002  0.0280   -0.0129  0.0002  0.0198    0.00
   20.0  0.80  measured    -0.0345  0.0001  0.0368   -0.0598  0.0001  0.0613    0.00
   20.0  0.80  iwls        -0.0033  0.0001  0.0118   -0.0045  0.0001  0.0149    0.00
   20.0  0.80  predicted   -0.0048  0.0001  0.0123   -0.0061  0.0001  0.0154    0.00
   30.0  0.25  ols         +0.0017  0.0002  0.0168   +0.0001  0.0001  0.0078    0.00
   30.0  0.25  measured    -0.0103  0.0002  0.0188   -0.0170  0.0001  0.0186    0.00
   30.0  0.25  iwls        +0.0016  0.0002  0.0160   +0.0001  0.0001  0.0078    0.00
   30.0  0.25  predicted   +0.0012  0.0002  0.0159   +0.0000  0.0001  0.0078    0.00
   30.0  0.35  ols         +0.0012  0.0002  0.0171   +0.0000  0.0001  0.0080    0.00
   30.0  0.35  measured    -0.0154  0.0002  0.0217   -0.0182  0.0001  0.0197    0.00
   30.0  0.35  iwls        +0.0010  0.0002  0.0153   +0.0000  0.0001  0.0079    0.00
   30.0  0.35  predicted   +0.0005  0.0002  0.0152   -0.0001  0.0001  0.0079    0.00
   30.0  0.45  ols         +0.0004  0.0002  0.0174   -0.0001  0.0001  0.0084    0.00
   30.0  0.45  measured    -0.0197  0.0001  0.0245   -0.0200  0.0001  0.0215    0.00
   30.0  0.45  iwls        +0.0003  0.0001  0.0144   -0.0001  0.0001  0.0082    0.00
   30.0  0.45  predicted   -0.0003  0.0001  0.0144   -0.0003  0.0001  0.0082    0.00
   30.0  0.55  ols         +0.0005  0.0002  0.0170   -0.0001  0.0001  0.0088    0.00
   30.0  0.55  measured    -0.0215  0.0001  0.0251   -0.0221  0.0001  0.0236    0.00
   30.0  0.55  iwls        +0.0003  0.0001  0.0127   -0.0001  0.0001  0.0085    0.00
   30.0  0.55  predicted   -0.0004  0.0001  0.0127   -0.0004  0.0001  0.0085    0.00
   30.0  0.65  ols         -0.0007  0.0002  0.0166   -0.0004  0.0001  0.0096    0.00
   30.0  0.65  measured    -0.0217  0.0001  0.0245   -0.0249  0.0001  0.0263    0.00
   30.0  0.65  iwls        -0.0002  0.0001  0.0110   -0.0003  0.0001  0.0089    0.00
   30.0  0.65  predicted   -0.0009  0.0001  0.0110   -0.0007  0.0001  0.0089    0.00
   30.0  0.80  ols         -0.0056  0.0001  0.0154   -0.0033  0.0001  0.0117    0.00
   30.0  0.80  measured    -0.0167  0.0001  0.0185   -0.0301  0.0001  0.0315    0.00
   30.0  0.80  iwls        -0.0007  0.0001  0.0074   -0.0010  0.0001  0.0096    0.00
   30.0  0.80  predicted   -0.0013  0.0001  0.0075   -0.0017  0.0001  0.0097    0.00
   50.0  0.25  ols         +0.0008  0.0001  0.0100   -0.0000  0.0000  0.0046    0.00
   50.0  0.25  measured    -0.0038  0.0001  0.0101   -0.0064  0.0000  0.0078    0.00
   50.0  0.25  iwls        +0.0007  0.0001  0.0095   -0.0000  0.0000  0.0046    0.00
   50.0  0.25  predicted   +0.0006  0.0001  0.0095   -0.0001  0.0000  0.0046    0.00
   50.0  0.35  ols         +0.0005  0.0001  0.0102   +0.0000  0.0000  0.0047    0.00
   50.0  0.35  measured    -0.0058  0.0001  0.0108   -0.0068  0.0000  0.0082    0.00
   50.0  0.35  iwls        +0.0004  0.0001  0.0092   +0.0000  0.0000  0.0047    0.00
   50.0  0.35  predicted   +0.0003  0.0001  0.0092   -0.0000  0.0000  0.0047    0.00
   50.0  0.45  ols         +0.0002  0.0001  0.0101   +0.0000  0.0000  0.0049    0.00
   50.0  0.45  measured    -0.0074  0.0001  0.0113   -0.0074  0.0000  0.0088    0.00
   50.0  0.45  iwls        +0.0001  0.0001  0.0085   +0.0000  0.0000  0.0049    0.00
   50.0  0.45  predicted   -0.0001  0.0001  0.0085   -0.0000  0.0000  0.0049    0.00
   50.0  0.55  ols         +0.0001  0.0001  0.0100   +0.0000  0.0001  0.0053    0.00
   50.0  0.55  measured    -0.0082  0.0001  0.0112   -0.0083  0.0001  0.0097    0.00
   50.0  0.55  iwls        +0.0001  0.0001  0.0075   +0.0001  0.0001  0.0051    0.00
   50.0  0.55  predicted   -0.0001  0.0001  0.0075   -0.0000  0.0001  0.0051    0.00
   50.0  0.65  ols         +0.0001  0.0001  0.0099   -0.0000  0.0001  0.0057    0.00
   50.0  0.65  measured    -0.0082  0.0001  0.0105   -0.0095  0.0001  0.0108    0.00
   50.0  0.65  iwls        +0.0001  0.0001  0.0064   -0.0000  0.0001  0.0053    0.00
   50.0  0.65  predicted   -0.0002  0.0001  0.0064   -0.0002  0.0001  0.0053    0.00
   50.0  0.80  ols         -0.0003  0.0001  0.0095   -0.0001  0.0001  0.0071    0.00
   50.0  0.80  measured    -0.0064  0.0000  0.0078   -0.0117  0.0001  0.0129    0.00
   50.0  0.80  iwls        -0.0001  0.0000  0.0044   -0.0000  0.0001  0.0056    0.00
   50.0  0.80  predicted   -0.0003  0.0000  0.0044   -0.0003  0.0001  0.0056    0.00
 * 32.1  0.25  ols         +0.0012  0.0002  0.0155   +0.0002  0.0001  0.0074    0.00
 * 32.1  0.25  measured    -0.0095  0.0001  0.0174   -0.0148  0.0001  0.0165    0.00
 * 32.1  0.25  iwls        +0.0011  0.0001  0.0147   +0.0002  0.0001  0.0074    0.00
 * 32.1  0.25  predicted   +0.0008  0.0001  0.0146   +0.0001  0.0001  0.0074    0.00
 * 32.1  0.35  ols         +0.0008  0.0002  0.0159   +0.0000  0.0001  0.0075    0.00
 * 32.1  0.35  measured    -0.0137  0.0001  0.0197   -0.0160  0.0001  0.0176    0.00
 * 32.1  0.35  iwls        +0.0007  0.0001  0.0142   +0.0000  0.0001  0.0075    0.00
 * 32.1  0.35  predicted   +0.0003  0.0001  0.0142   -0.0001  0.0001  0.0075    0.00
 * 32.1  0.45  ols         +0.0006  0.0002  0.0161   -0.0000  0.0001  0.0078    0.00
 * 32.1  0.45  measured    -0.0172  0.0001  0.0218   -0.0175  0.0001  0.0190    0.00
 * 32.1  0.45  iwls        +0.0004  0.0001  0.0134   -0.0000  0.0001  0.0076    0.00
 * 32.1  0.45  predicted   -0.0001  0.0001  0.0134   -0.0002  0.0001  0.0076    0.00
 * 32.1  0.55  ols         +0.0003  0.0002  0.0160   -0.0001  0.0001  0.0084    0.00
 * 32.1  0.55  measured    -0.0189  0.0001  0.0224   -0.0194  0.0001  0.0209    0.00
 * 32.1  0.55  iwls        +0.0003  0.0001  0.0118   -0.0001  0.0001  0.0081    0.00
 * 32.1  0.55  predicted   -0.0003  0.0001  0.0118   -0.0003  0.0001  0.0080    0.00
 * 32.1  0.65  ols         -0.0003  0.0002  0.0156   -0.0000  0.0001  0.0091    0.00
 * 32.1  0.65  measured    -0.0192  0.0001  0.0218   -0.0218  0.0001  0.0232    0.00
 * 32.1  0.65  iwls        -0.0001  0.0001  0.0101   +0.0000  0.0001  0.0084    0.00
 * 32.1  0.65  predicted   -0.0008  0.0001  0.0101   -0.0003  0.0001  0.0083    0.00
 * 32.1  0.80  ols         -0.0041  0.0001  0.0142   -0.0024  0.0001  0.0110    0.00
 * 32.1  0.80  measured    -0.0147  0.0001  0.0163   -0.0266  0.0001  0.0280    0.00
 * 32.1  0.80  iwls        -0.0005  0.0001  0.0068   -0.0008  0.0001  0.0089    0.00
 * 32.1  0.80  predicted   -0.0010  0.0001  0.0068   -0.0014  0.0001  0.0090    0.00
  * SNR measured on the real stanford data (snr_estimate.txt)

  stanford: apparent difference between groups at SNR 20 and SNR 30 (bias at 20 minus bias at 30; SE from the two independent cells)
      FA  arm         FA diff      SE   MD diff      SE
    0.25  ols        +0.00177 0.00030  -0.00029 0.00014
    0.25  measured   -0.01121 0.00028  -0.01964 0.00014
    0.25  iwls       +0.00145 0.00029  -0.00031 0.00014
    0.25  predicted  +0.00107 0.00029  -0.00036 0.00014
    0.35  ols        +0.00110 0.00031  -0.00023 0.00015
    0.35  measured   -0.01581 0.00027  -0.02051 0.00014
    0.35  iwls       +0.00089 0.00028  -0.00025 0.00015
    0.35  predicted  +0.00034 0.00028  -0.00036 0.00015
    0.45  ols        -0.00050 0.00031  -0.00023 0.00015
    0.45  measured   -0.02020 0.00026  -0.02148 0.00014
    0.45  iwls       -0.00044 0.00026  -0.00023 0.00015
    0.45  predicted  -0.00112 0.00026  -0.00041 0.00015
    0.55  ols        -0.00353 0.00030  -0.00109 0.00016
    0.55  measured   -0.02270 0.00024  -0.02333 0.00014
    0.55  iwls       -0.00157 0.00023  -0.00073 0.00016
    0.55  predicted  -0.00233 0.00023  -0.00102 0.00015
    0.65  ols        -0.00712 0.00029  -0.00302 0.00017
    0.65  measured   -0.02255 0.00021  -0.02556 0.00015
    0.65  iwls       -0.00230 0.00020  -0.00179 0.00016
    0.65  predicted  -0.00307 0.00020  -0.00221 0.00016
    0.80  ols        -0.01558 0.00023  -0.00955 0.00019
    0.80  measured   -0.01776 0.00015  -0.02970 0.00016
    0.80  iwls       -0.00267 0.00013  -0.00350 0.00017
    0.80  predicted  -0.00351 0.00013  -0.00439 0.00017

  stanford: counts over all 30 conditions and all four arms
    measured has the largest |fa_bias| in 30 of 30
    measured has the largest |md_bias| in 30 of 30
    measured has the largest |fa_rmse| in 29 of 30; not in [(50, 0.8)]
    measured has the largest |md_rmse| in 30 of 30
    |FA bias| of measured smaller than of predicted in 0 of 30
    FA bias <= 0 in: ols 15, measured 30, iwls 14, predicted 22
    FA RMSE of measured / best other arm, SNR near 10: 1.3859 to 2.8994
    FA RMSE of measured / best other arm, SNR 20 and above: 1.0685 to 3.1261

sherbrooke: 1 b=0 + 64 directions at b=1000
    SNR    FA  arm         FA bias      SE    RMSE   MD bias      SE    RMSE  inadm%
   10.0  0.25  ols         +0.0396  0.0008  0.0879   +0.0004  0.0010  0.1035    0.00
   10.0  0.25  measured    +0.0335  0.0008  0.0880   -0.0690  0.0010  0.1239    0.00
   10.0  0.25  iwls        +0.0387  0.0008  0.0865   +0.0004  0.0010  0.1035    0.00
   10.0  0.25  predicted   +0.0371  0.0008  0.0855   +0.0003  0.0010  0.1035    0.00
   10.0  0.35  ols         +0.0270  0.0008  0.0882   -0.0005  0.0010  0.1036    0.00
   10.0  0.35  measured    +0.0160  0.0009  0.0899   -0.0709  0.0010  0.1251    0.01
   10.0  0.35  iwls        +0.0258  0.0008  0.0864   -0.0005  0.0010  0.1036    0.00
   10.0  0.35  predicted   +0.0237  0.0008  0.0855   -0.0008  0.0010  0.1036    0.00
   10.0  0.45  ols         +0.0198  0.0009  0.0907   +0.0017  0.0011  0.1051    0.00
   10.0  0.45  measured    +0.0053  0.0009  0.0931   -0.0707  0.0010  0.1262    0.03
   10.0  0.45  iwls        +0.0188  0.0009  0.0882   +0.0017  0.0011  0.1051    0.00
   10.0  0.45  predicted   +0.0163  0.0009  0.0874   +0.0012  0.0011  0.1050    0.00
   10.0  0.55  ols         +0.0150  0.0009  0.0882   +0.0005  0.0010  0.1031    0.02
   10.0  0.55  measured    -0.0028  0.0009  0.0921   -0.0740  0.0010  0.1263    0.03
   10.0  0.55  iwls        +0.0139  0.0008  0.0853   +0.0004  0.0010  0.1030    0.02
   10.0  0.55  predicted   +0.0111  0.0008  0.0846   -0.0003  0.0010  0.1029    0.00
   10.0  0.65  ols         +0.0108  0.0009  0.0872   -0.0017  0.0011  0.1066    0.10
   10.0  0.65  measured    -0.0067  0.0009  0.0937   -0.0790  0.0011  0.1317    0.21
   10.0  0.65  iwls        +0.0101  0.0008  0.0843   -0.0018  0.0011  0.1065    0.08
   10.0  0.65  predicted   +0.0071  0.0008  0.0837   -0.0028  0.0011  0.1063    0.00
   10.0  0.80  ols         +0.0035  0.0008  0.0762   -0.0006  0.0010  0.1048    0.87
   10.0  0.80  measured    -0.0099  0.0008  0.0840   -0.0845  0.0010  0.1336    1.27
   10.0  0.80  iwls        +0.0034  0.0007  0.0733   -0.0007  0.0010  0.1043    0.82
   10.0  0.80  predicted   +0.0003  0.0007  0.0722   -0.0022  0.0010  0.1031    0.00
   20.0  0.25  ols         +0.0104  0.0004  0.0401   -0.0005  0.0005  0.0523    0.00
   20.0  0.25  measured    +0.0072  0.0004  0.0394   -0.0188  0.0005  0.0556    0.00
   20.0  0.25  iwls        +0.0101  0.0004  0.0397   -0.0005  0.0005  0.0523    0.00
   20.0  0.25  predicted   +0.0097  0.0004  0.0395   -0.0005  0.0005  0.0523    0.00
   20.0  0.35  ols         +0.0072  0.0004  0.0416   -0.0002  0.0005  0.0522    0.00
   20.0  0.35  measured    +0.0027  0.0004  0.0411   -0.0190  0.0005  0.0554    0.00
   20.0  0.35  iwls        +0.0068  0.0004  0.0409   -0.0003  0.0005  0.0522    0.00
   20.0  0.35  predicted   +0.0063  0.0004  0.0408   -0.0003  0.0005  0.0521    0.00
   20.0  0.45  ols         +0.0058  0.0004  0.0427   -0.0007  0.0005  0.0519    0.00
   20.0  0.45  measured    +0.0005  0.0004  0.0419   -0.0199  0.0005  0.0555    0.00
   20.0  0.45  iwls        +0.0057  0.0004  0.0417   -0.0007  0.0005  0.0519    0.00
   20.0  0.45  predicted   +0.0050  0.0004  0.0416   -0.0008  0.0005  0.0519    0.00
   20.0  0.55  ols         +0.0035  0.0004  0.0428   +0.0003  0.0005  0.0519    0.00
   20.0  0.55  measured    -0.0025  0.0004  0.0424   -0.0196  0.0005  0.0554    0.00
   20.0  0.55  iwls        +0.0033  0.0004  0.0415   +0.0003  0.0005  0.0519    0.00
   20.0  0.55  predicted   +0.0025  0.0004  0.0414   +0.0002  0.0005  0.0519    0.00
   20.0  0.65  ols         +0.0029  0.0004  0.0425   -0.0006  0.0005  0.0527    0.00
   20.0  0.65  measured    -0.0032  0.0004  0.0421   -0.0215  0.0005  0.0569    0.00
   20.0  0.65  iwls        +0.0027  0.0004  0.0410   -0.0006  0.0005  0.0527    0.00
   20.0  0.65  predicted   +0.0018  0.0004  0.0409   -0.0009  0.0005  0.0527    0.00
   20.0  0.80  ols         +0.0020  0.0004  0.0378   -0.0010  0.0005  0.0517    0.00
   20.0  0.80  measured    -0.0029  0.0004  0.0374   -0.0245  0.0005  0.0569    0.00
   20.0  0.80  iwls        +0.0020  0.0004  0.0360   -0.0010  0.0005  0.0516    0.00
   20.0  0.80  predicted   +0.0012  0.0004  0.0360   -0.0015  0.0005  0.0516    0.00
   30.0  0.25  ols         +0.0046  0.0003  0.0262   +0.0001  0.0003  0.0346    0.00
   30.0  0.25  measured    +0.0032  0.0003  0.0257   -0.0082  0.0003  0.0356    0.00
   30.0  0.25  iwls        +0.0046  0.0003  0.0259   +0.0001  0.0003  0.0346    0.00
   30.0  0.25  predicted   +0.0044  0.0003  0.0258   +0.0000  0.0003  0.0346    0.00
   30.0  0.35  ols         +0.0026  0.0003  0.0275   +0.0002  0.0003  0.0345    0.00
   30.0  0.35  measured    +0.0007  0.0003  0.0270   -0.0081  0.0003  0.0354    0.00
   30.0  0.35  iwls        +0.0026  0.0003  0.0270   +0.0002  0.0003  0.0345    0.00
   30.0  0.35  predicted   +0.0024  0.0003  0.0270   +0.0002  0.0003  0.0345    0.00
   30.0  0.45  ols         +0.0027  0.0003  0.0283   -0.0001  0.0003  0.0342    0.00
   30.0  0.45  measured    +0.0002  0.0003  0.0276   -0.0087  0.0003  0.0352    0.00
   30.0  0.45  iwls        +0.0026  0.0003  0.0276   -0.0001  0.0003  0.0342    0.00
   30.0  0.45  predicted   +0.0023  0.0003  0.0275   -0.0001  0.0003  0.0342    0.00
   30.0  0.55  ols         +0.0018  0.0003  0.0283   -0.0002  0.0003  0.0345    0.00
   30.0  0.55  measured    -0.0010  0.0003  0.0278   -0.0092  0.0003  0.0357    0.00
   30.0  0.55  iwls        +0.0017  0.0003  0.0275   -0.0002  0.0003  0.0345    0.00
   30.0  0.55  predicted   +0.0014  0.0003  0.0274   -0.0003  0.0003  0.0345    0.00
   30.0  0.65  ols         +0.0011  0.0003  0.0281   -0.0001  0.0003  0.0349    0.00
   30.0  0.65  measured    -0.0017  0.0003  0.0275   -0.0096  0.0003  0.0362    0.00
   30.0  0.65  iwls        +0.0011  0.0003  0.0271   -0.0001  0.0003  0.0349    0.00
   30.0  0.65  predicted   +0.0007  0.0003  0.0271   -0.0002  0.0003  0.0349    0.00
   30.0  0.80  ols         +0.0000  0.0003  0.0254   +0.0011  0.0004  0.0352    0.00
   30.0  0.80  measured    -0.0023  0.0002  0.0248   -0.0096  0.0004  0.0364    0.00
   30.0  0.80  iwls        +0.0000  0.0002  0.0243   +0.0011  0.0004  0.0351    0.00
   30.0  0.80  predicted   -0.0003  0.0002  0.0244   +0.0009  0.0004  0.0351    0.00
   50.0  0.25  ols         +0.0017  0.0002  0.0157   -0.0001  0.0002  0.0205    0.00
   50.0  0.25  measured    +0.0011  0.0002  0.0155   -0.0030  0.0002  0.0207    0.00
   50.0  0.25  iwls        +0.0016  0.0002  0.0156   -0.0001  0.0002  0.0205    0.00
   50.0  0.25  predicted   +0.0016  0.0002  0.0155   -0.0001  0.0002  0.0205    0.00
   50.0  0.35  ols         +0.0013  0.0002  0.0163   -0.0003  0.0002  0.0205    0.00
   50.0  0.35  measured    +0.0006  0.0002  0.0159   -0.0034  0.0002  0.0208    0.00
   50.0  0.35  iwls        +0.0013  0.0002  0.0160   -0.0003  0.0002  0.0205    0.00
   50.0  0.35  predicted   +0.0012  0.0002  0.0160   -0.0004  0.0002  0.0205    0.00
   50.0  0.45  ols         +0.0011  0.0002  0.0169   -0.0003  0.0002  0.0208    0.00
   50.0  0.45  measured    +0.0001  0.0002  0.0165   -0.0034  0.0002  0.0210    0.00
   50.0  0.45  iwls        +0.0010  0.0002  0.0165   -0.0003  0.0002  0.0208    0.00
   50.0  0.45  predicted   +0.0009  0.0002  0.0165   -0.0003  0.0002  0.0208    0.00
   50.0  0.55  ols         +0.0010  0.0002  0.0169   -0.0003  0.0002  0.0209    0.00
   50.0  0.55  measured    -0.0001  0.0002  0.0165   -0.0036  0.0002  0.0211    0.00
   50.0  0.55  iwls        +0.0009  0.0002  0.0165   -0.0003  0.0002  0.0209    0.00
   50.0  0.55  predicted   +0.0008  0.0002  0.0165   -0.0003  0.0002  0.0209    0.00
   50.0  0.65  ols         +0.0004  0.0002  0.0168   +0.0001  0.0002  0.0206    0.00
   50.0  0.65  measured    -0.0006  0.0002  0.0163   -0.0034  0.0002  0.0209    0.00
   50.0  0.65  iwls        +0.0004  0.0002  0.0163   +0.0001  0.0002  0.0206    0.00
   50.0  0.65  predicted   +0.0002  0.0002  0.0163   +0.0000  0.0002  0.0206    0.00
   50.0  0.80  ols         +0.0002  0.0002  0.0153   +0.0001  0.0002  0.0209    0.00
   50.0  0.80  measured    -0.0007  0.0001  0.0147   -0.0039  0.0002  0.0212    0.00
   50.0  0.80  iwls        +0.0001  0.0001  0.0146   +0.0000  0.0002  0.0209    0.00
   50.0  0.80  predicted   +0.0000  0.0001  0.0146   -0.0000  0.0002  0.0209    0.00
 * 10.8  0.25  ols         +0.0336  0.0007  0.0793   +0.0001  0.0009  0.0949    0.00
 * 10.8  0.25  measured    +0.0272  0.0007  0.0783   -0.0602  0.0009  0.1120    0.00
 * 10.8  0.25  iwls        +0.0331  0.0007  0.0780   +0.0001  0.0009  0.0948    0.00
 * 10.8  0.25  predicted   +0.0317  0.0007  0.0772   -0.0000  0.0009  0.0948    0.00
 * 10.8  0.35  ols         +0.0244  0.0008  0.0811   +0.0010  0.0009  0.0948    0.00
 * 10.8  0.35  measured    +0.0139  0.0008  0.0806   -0.0601  0.0009  0.1120    0.01
 * 10.8  0.35  iwls        +0.0234  0.0008  0.0793   +0.0010  0.0009  0.0948    0.00
 * 10.8  0.35  predicted   +0.0216  0.0008  0.0785   +0.0008  0.0009  0.0948    0.00
 * 10.8  0.45  ols         +0.0181  0.0008  0.0827   +0.0005  0.0010  0.0953    0.00
 * 10.8  0.45  measured    +0.0041  0.0008  0.0832   -0.0622  0.0010  0.1136    0.00
 * 10.8  0.45  iwls        +0.0169  0.0008  0.0802   +0.0004  0.0010  0.0953    0.00
 * 10.8  0.45  predicted   +0.0147  0.0008  0.0796   +0.0000  0.0010  0.0953    0.00
 * 10.8  0.55  ols         +0.0132  0.0008  0.0816   +0.0003  0.0010  0.0955    0.00
 * 10.8  0.55  measured    -0.0028  0.0008  0.0844   -0.0642  0.0010  0.1148    0.01
 * 10.8  0.55  iwls        +0.0123  0.0008  0.0791   +0.0002  0.0010  0.0955    0.00
 * 10.8  0.55  predicted   +0.0099  0.0008  0.0786   -0.0004  0.0010  0.0955    0.00
 * 10.8  0.65  ols         +0.0083  0.0008  0.0780   +0.0012  0.0010  0.0958    0.04
 * 10.8  0.65  measured    -0.0081  0.0008  0.0827   -0.0662  0.0010  0.1158    0.07
 * 10.8  0.65  iwls        +0.0073  0.0008  0.0754   +0.0011  0.0010  0.0956    0.04
 * 10.8  0.65  predicted   +0.0047  0.0007  0.0751   +0.0002  0.0010  0.0955    0.00
 * 10.8  0.80  ols         +0.0023  0.0007  0.0702   +0.0001  0.0010  0.0964    0.62
 * 10.8  0.80  measured    -0.0101  0.0008  0.0758   -0.0734  0.0010  0.1202    0.76
 * 10.8  0.80  iwls        +0.0022  0.0007  0.0672   -0.0000  0.0010  0.0961    0.47
 * 10.8  0.80  predicted   -0.0005  0.0007  0.0665   -0.0014  0.0010  0.0953    0.00
  * SNR measured on the real sherbrooke data (snr_estimate.txt)

  sherbrooke: apparent difference between groups at SNR 20 and SNR 30 (bias at 20 minus bias at 30; SE from the two independent cells)
      FA  arm         FA diff      SE   MD diff      SE
    0.25  ols        +0.00573 0.00047  -0.00054 0.00063
    0.25  measured   +0.00405 0.00046  -0.01064 0.00063
    0.25  iwls       +0.00550 0.00046  -0.00054 0.00063
    0.25  predicted  +0.00527 0.00046  -0.00056 0.00063
    0.35  ols        +0.00451 0.00049  -0.00048 0.00063
    0.35  measured   +0.00198 0.00049  -0.01085 0.00062
    0.35  iwls       +0.00422 0.00048  -0.00050 0.00063
    0.35  predicted  +0.00391 0.00048  -0.00053 0.00063
    0.45  ols        +0.00311 0.00051  -0.00058 0.00062
    0.45  measured   +0.00030 0.00050  -0.01116 0.00062
    0.45  iwls       +0.00304 0.00050  -0.00057 0.00062
    0.45  predicted  +0.00266 0.00050  -0.00063 0.00062
    0.55  ols        +0.00171 0.00051  +0.00058 0.00062
    0.55  measured   -0.00145 0.00051  -0.01041 0.00062
    0.55  iwls       +0.00158 0.00050  +0.00057 0.00062
    0.55  predicted  +0.00115 0.00050  +0.00047 0.00062
    0.65  ols        +0.00181 0.00051  -0.00044 0.00063
    0.65  measured   -0.00152 0.00050  -0.01196 0.00063
    0.65  iwls       +0.00157 0.00049  -0.00047 0.00063
    0.65  predicted  +0.00113 0.00049  -0.00062 0.00063
    0.80  ols        +0.00195 0.00045  -0.00209 0.00063
    0.80  measured   -0.00061 0.00045  -0.01491 0.00062
    0.80  iwls       +0.00193 0.00043  -0.00209 0.00062
    0.80  predicted  +0.00152 0.00043  -0.00237 0.00062

  sherbrooke: counts over all 30 conditions and all four arms
    measured has the largest |fa_bias| in 8 of 30; not in [(10, 0.25), (10, 0.35), (10, 0.45), (10, 0.55), (10, 0.65), (10.8, 0.25), (10.8, 0.35), (10.8, 0.45), (10.8, 0.55), (10.8, 0.65), (20, 0.25), (20, 0.35), (20, 0.45), (20, 0.55), (30, 0.25), (30, 0.35), (30, 0.45), (30, 0.55), (50, 0.25), (50, 0.35), (50, 0.45), (50, 0.55)]
    measured has the largest |md_bias| in 30 of 30
    measured has the largest |fa_rmse| in 10 of 30; not in [(10.8, 0.25), (10.8, 0.35), (20, 0.25), (20, 0.35), (20, 0.45), (20, 0.55), (20, 0.65), (20, 0.8), (30, 0.25), (30, 0.35), (30, 0.45), (30, 0.55), (30, 0.65), (30, 0.8), (50, 0.25), (50, 0.35), (50, 0.45), (50, 0.55), (50, 0.65), (50, 0.8)]
    measured has the largest |md_rmse| in 30 of 30
    |FA bias| of measured smaller than of predicted in 21 of 30
    FA bias <= 0 in: ols 0, measured 15, iwls 0, predicted 2
    FA RMSE of measured / best other arm, SNR near 10: 1.0142 to 1.1634
    FA RMSE of measured / best other arm, SNR 20 and above: 0.9970 to 1.0384
